0 0.6443576388888889 0.5946469907407407 0.34256944444444437 0.45138888888888895
0 0.16324652777777776 0.48975694444444445 0.3264930555555555 0.41076388888888893
3 0.15395833333333334 0.8126157407407408 0.11638888888888888 0.2494212962962962
3 0.2345486111111111 0.8453125 0.17756944444444445 0.26261574074074084
3 0.3771701388888889 0.7540943287037037 0.27194444444444443 0.49181134259259257
3 0.5662673611111111 0.8948495370370371 0.13010416666666663 0.21030092592592595
3 0.4719444444444444 0.9235966435185186 0.0848263888888889 0.15280671296296297
3 0.7877083333333333 0.9181134259259259 0.1698611111111113 0.16377314814814808
3 0.6069618055555555 0.9379484953703704 0.06999999999999992 0.12410300925925917
2 0.6919965277777778 0.949045138888889 0.03402777777777786 0.05590277777777786
3 0.5152083333333334 0.9174768518518519 0.057673611111111 0.136400462962963