0 0.6234375 0.7921875 0.46796875 0.2828125
3 0.67734375 0.5109375 0.03125 0.11484375
3 0.37265625 0.50546875 0.05 0.1375
3 0.3421875 0.52109375 0.0328125 0.0953125
3 0.22734375 0.51953125 0.0390625 0.09296875
3 0.74765625 0.49453125 0.03125 0.09765625
3 0.79296875 0.35859375 0.3515625 0.4734375
3 0.89375 0.43203125 0.1125 0.25234375
3 0.77890625 0.340625 0.19453125 0.41640625
3 0.553125 0.3765625 0.1578125 0.41953125
3 0.61484375 0.42890625 0.075 0.22890625
3 0.13046875 0.36875 0.17578125 0.47890625
3 0.15703125 0.39609375 0.0890625 0.38515625