0 0.4026678240740741 0.22182870370370372 0.7990856481481481 0.44365740740740744
3 0.7583391203703703 0.49673611111111116 0.07415509259259263 0.13177083333333323
3 0.65328125 0.487337962962963 0.07140046296296312 0.1441782407407409
3 0.32612268518518517 0.503287037037037 0.05645833333333332 0.11407407407407408
3 0.2899710648148148 0.47073495370370366 0.038668981481481526 0.09325231481481477
3 0.2183275462962963 0.4806770833333333 0.06403935185185183 0.10649305555555558
3 0.5828414351851852 0.5379050925925926 0.11526620370370359 0.2547569444444445
3 0.8040219907407409 0.6782986111111111 0.39195601851851836 0.555
3 0.31637731481481485 0.7021875 0.2340856481481482 0.5767476851851854
3 0.5001215277777777 0.6490451388888889 0.19422453703703707 0.49594907407407407
3 0.09552662037037037 0.6641608796296297 0.1676273148148148 0.5466782407407408