0 0.25372685185185184 0.33871527777777777 0.40096064814814814 0.5363888888888889
3 0.5436168981481482 0.35452546296296295 0.12189814814814817 0.05928240740740742
3 0.508454861111111 0.6548958333333333 0.14975694444444443 0.08253472222222218
3 0.4881539351851852 0.680324074074074 0.10452546296296301 0.05526620370370381
3 0.47460069444444447 0.7933333333333333 0.10333333333333332 0.06143518518518505
3 0.5693229166666667 0.2888773148148148 0.10765046296296302 0.0554282407407408
3 0.7127430555555556 0.27762152777777777 0.5635185185185186 0.46693287037037046
3 0.6520775462962962 0.16076388888888887 0.2828819444444445 0.17355324074074074
3 0.7286516203703703 0.2963599537037037 0.4677662037037038 0.2968518518518518
3 0.6618344907407407 0.5094155092592593 0.4609490740740741 0.26067129629629626
3 0.6177314814814815 0.43547453703703703 0.24756944444444445 0.12966435185185182
3 0.6115972222222222 0.8891493055555555 0.5234490740740739 0.22170138888888893
3 0.5895775462962962 0.8935358796296295 0.40806712962962965 0.18315972222222215