0 0.62109375 0.2767650462962963 0.7578125 0.5535300925925926
3 0.29896990740740736 0.4585648148148148 0.10200231481481481 0.13767361111111107
3 0.40039930555555553 0.4697048611111111 0.1013425925925926 0.14699074074074084
3 0.7103877314814815 0.5460358796296296 0.08129629629629634 0.11666666666666678
3 0.7496122685185185 0.5218460648148149 0.05887731481481495 0.0940393518518519
3 0.8152256944444446 0.5437210648148149 0.08694444444444471 0.11064814814814809
3 0.4611805555555556 0.5309606481481481 0.16968750000000005 0.2585069444444443
3 0.2572858796296296 0.6200520833333333 0.4489699074074074 0.5880208333333334
3 0.6903993055555556 0.7129918981481481 0.35866898148148146 0.539525462962963
3 0.5252604166666667 0.6508969907407407 0.3017824074074074 0.4984953703703704
3 0.8814062500000001 0.7213831018518518 0.23718749999999994 0.5043402777777777