0 0.7936458333333334 0.647332175925926 0.380486111111111 0.5505902777777779
3 0.4880208333333333 0.663912037037037 0.13034722222222223 0.051898148148148235
3 0.5363368055555556 0.33315972222222223 0.1594444444444445 0.07418981481481488
3 0.5587847222222223 0.30300347222222224 0.10840277777777771 0.05001157407407408
3 0.5783680555555556 0.17899305555555553 0.10868055555555553 0.05626157407407408
3 0.4565972222222222 0.7377141203703703 0.1114583333333334 0.04849537037037042
3 0.30208333333333337 0.7666956018518519 0.5822916666666667 0.4536458333333332
3 0.3624305555555556 0.8864178240740742 0.2960069444444445 0.16053240740740762
3 0.2849131944444444 0.7484606481481482 0.49000000000000005 0.2742708333333333
3 0.36435763888888884 0.5088541666666667 0.48663194444444446 0.2336226851851851
3 0.4102430555555555 0.5845833333333333 0.26274305555555555 0.11475694444444447
3 0.42746527777777776 0.09154513888888889 0.5450694444444444 0.17827546296296296
3 0.45828125000000003 0.08418402777777777 0.4377777777777778 0.1532638888888889