0 0.4800405092592593 0.36290509259259257 0.42600694444444437 0.32106481481481486
0 0.42765046296296294 0.832957175925926 0.3715046296296297 0.2905671296296298
3 0.7341724537037037 0.7900173611111111 0.2420370370370371 0.10509259259259274
3 0.7727199074074074 0.7070023148148148 0.27644675925925916 0.16834490740740743
3 0.6792824074074074 0.5878472222222222 0.5205555555555555 0.2533564814814815
3 0.796886574074074 0.3760127314814815 0.23487268518518506 0.11701388888888893
3 0.8211747685185186 0.46293402777777776 0.15800925925925924 0.0755208333333334
3 0.8427256944444445 0.15237268518518515 0.2743171296296296 0.1572916666666667
3 0.8209895833333334 0.33142361111111107 0.1262731481481481 0.06383101851851851
2 0.8213773148148148 0.24890046296296298 0.05302083333333343 0.03194444444444446
3 0.8060127314814816 0.425144675925926 0.13335648148148138 0.05034722222222214