3 0.31171875 0.5125 0.02890625 0.16015625
3 0.33203125 0.5265625 0.046875 0.16171875
3 0.4296875 0.5953125 0.03359375 0.2328125
3 0.421875 0.48125 0.02578125 0.13515625
3 0.4609375 0.51953125 0.03984375 0.16796875
3 0.53671875 0.5953125 0.059375 0.24375
3 0.59453125 0.54765625 0.05546875 0.1984375
3 0.6703125 0.5953125 0.07734375 0.25390625
3 0.7609375 0.6046875 0.0890625 0.27265625
3 0.89375 0.45234375 0.02890625 0.11875
3 0.81484375 0.44296875 0.06953125 0.1640625
3 0.709375 0.44140625 0.08046875 0.14296875
3 0.59609375 0.4140625 0.05546875 0.1296875
3 0.53671875 0.36015625 0.14296875 0.2390625