3 0.6498206018518518 0.8878645833333334 0.21846064814814808 0.0921875
3 0.6434374999999999 0.9846354166666668 0.24634259259259253 0.03072916666666643
3 0.5373032407407408 0.8640625 0.28135416666666657 0.11656249999999986
3 0.6037210648148148 0.7396354166666667 0.21206018518518518 0.09020833333333336
3 0.5913657407407408 0.7 0.1941203703703703 0.08125
3 0.3487152777777778 0.7032291666666668 0.410150462962963 0.19656249999999992
3 0.48965856481481485 0.5224479166666667 0.215486111111111 0.09354166666666668
3 0.549074074074074 0.49458333333333326 0.20430555555555543 0.07416666666666671
3 0.473136574074074 0.2380208333333333 0.16906250000000006 0.09510416666666668
3 0.3819733796296297 0.14578125 0.26693287037037033 0.1280208333333333
3 0.2010648148148148 0.20979166666666665 0.3903935185185185 0.2977083333333333