3 0.636076388888889 0.761545138888889 0.28033564814814815 0.04996527777777793
3 0.6983101851851851 0.7449652777777778 0.27440972222222226 0.07170138888888893
3 0.8528877314814813 0.6672569444444445 0.2942245370370372 0.10197916666666665
3 0.7415625 0.3688020833333333 0.516875 0.4630902777777778
3 0.749849537037037 0.11194444444444444 0.38079861111111113 0.08343750000000001
3 0.41552083333333334 0.7402430555555556 0.13690972222222228 0.06864583333333343
3 0.4185127314814815 0.6786111111111112 0.12114583333333329 0.05892361111111111
3 0.4177604166666667 0.6278298611111112 0.16016203703703696 0.05666666666666664
3 0.41450810185185183 0.5137326388888889 0.13186342592592587 0.14975694444444443
3 0.5961863425925926 0.6521006944444444 0.2610185185185184 0.11670138888888885
3 0.6061863425925926 0.8976302083333334 0.35002314814814817 0.20473958333333328
3 0.6025057870370369 0.23519097222222224 0.24189814814814808 0.09128472222222221