3 0.52890625 0.3079398148148148 0.175 0.07519675925925924
3 0.53984375 0.33383101851851854 0.18125 0.09445601851851855
3 0.59453125 0.45391203703703703 0.2546875 0.10043981481481482
3 0.475 0.4152662037037037 0.15 0.06534722222222218
3 0.5078125 0.4663773148148148 0.1859375 0.09015046296296295
3 0.57421875 0.5663194444444445 0.2703125 0.1314004629629629
3 0.51328125 0.6144791666666667 0.221875 0.1133912037037037
3 0.54921875 0.7064699074074074 0.2859375 0.15454861111111118
3 0.5421875 0.8035532407407407 0.30625 0.17182870370370368
3 0.35546875 0.9016203703703705 0.13125 0.06381944444444443
3 0.36015625 0.8168460648148148 0.1890625 0.1200925925925926
3 0.37890625 0.7043113425925925 0.165625 0.12599537037037045
3 0.37109375 0.5794560185185185 0.1484375 0.09490740740740744
3 0.325 0.5022627314814815 0.28125 0.2182291666666666