3 0.7704918981481482 0.5731597222222222 0.05495370370370374 0.19100694444444458
3 0.8028298611111111 0.7148090277777778 0.08747685185185183 0.16128472222222215
3 0.6303240740740741 0.8732465277777777 0.2709837962962963 0.25350694444444455
3 0.43493055555555554 0.6444097222222223 0.13674768518518512 0.17750000000000005
3 0.49881365740740746 0.5313194444444445 0.0852662037037037 0.15027777777777765
3 0.6021701388888889 0.5319965277777777 0.06649305555555571 0.09645833333333335
3 0.6746875 0.5375694444444445 0.054189814814814774 0.12552083333333322
3 0.6576215277777777 0.6801562499999999 0.07064814814814824 0.14027777777777786
3 0.40034143518518517 0.8183333333333334 0.08574074074074076 0.18458333333333315
3 0.37732638888888886 0.5854513888888888 0.05353009259259256 0.08809027777777771
3 0.27058449074074076 0.6551215277777778 0.056944444444444464 0.11940972222222221
3 0.2244502314814815 0.6405381944444445 0.04711805555555557 0.13767361111111107
3 0.13168402777777777 0.804826388888889 0.0668865740740741 0.15569444444444472
3 0.0761400462962963 0.9719270833333333 0.0551736111111111 0.05614583333333343
3 0.6775462962962964 0.4100173611111111 0.1110185185185184 0.19038194444444442
3 0.7714525462962962 0.3718923611111111 0.14267361111111115 0.2775
3 0.8676851851851852 0.3738194444444445 0.1299768518518519 0.2473263888888889
3 0.9449074074074074 0.3396527777777778 0.08560185185185176 0.2874305555555555