3 0.390625 0.62421875 0.0359375 0.10078125
3 0.54765625 0.575 0.028125 0.1015625
3 0.57734375 0.675 0.0390625 0.12578125
3 0.6640625 0.609375 0.0953125 0.16796875
3 0.49296875 0.51640625 0.02578125 0.08046875
3 0.45546875 0.53671875 0.04375 0.08828125
3 0.34453125 0.54453125 0.1015625 0.1125
3 0.28671875 0.69453125 0.140625 0.2140625
3 0.190625 0.61171875 0.034375 0.1359375
3 0.1765625 0.52734375 0.040625 0.09140625
3 0.1140625 0.528125 0.03515625 0.11640625
3 0.1 0.65625 0.06328125 0.1484375
3 0.0484375 0.57890625 0.0265625 0.128125