3 0.3166145833333333 0.6130034722222222 0.10927083333333334 0.05082175925925938
3 0.38875000000000004 0.4599537037037037 0.10708333333333328 0.0413657407407408
3 0.29125 0.4172685185185186 0.13458333333333333 0.056805555555555644
3 0.37020833333333336 0.33826388888888886 0.18541666666666662 0.11861111111111118
3 0.44020833333333337 0.5229861111111112 0.08499999999999996 0.037106481481481525
3 0.4151041666666667 0.5585300925925927 0.09708333333333333 0.05486111111111107
3 0.39197916666666666 0.6702199074074074 0.12927083333333336 0.1172569444444445
3 0.23171875000000003 0.7105150462962964 0.23874999999999993 0.1712037037037037
3 0.30213541666666666 0.818431712962963 0.14364583333333333 0.052604166666666785
3 0.38515625 0.8431192129629629 0.1 0.051898148148148235
3 0.3770833333333333 0.9054166666666668 0.12322916666666668 0.049988425925926096
3 0.24463541666666666 0.9048206018518519 0.16135416666666663 0.08466435185185191
3 0.31572916666666667 0.9673032407407408 0.13531250000000003 0.04438657407407405