3 0.45381944444444444 0.6336805555555556 0.1742708333333333 0.0516319444444445
3 0.44027777777777777 0.6113888888888889 0.1746875000000001 0.0703819444444445
3 0.37310763888888887 0.5108043981481482 0.2510069444444444 0.06568287037037024
3 0.4939409722222223 0.51265625 0.1460416666666667 0.044652777777777784
3 0.45581597222222225 0.47365162037037034 0.18079861111111112 0.06464120370370363
3 0.3795486111111111 0.39642361111111113 0.26253472222222224 0.09313657407407412
3 0.4340104166666666 0.3319386574074074 0.2155555555555555 0.08462962962962965
3 0.38819444444444445 0.25300925925925927 0.2770486111111111 0.11459490740740738
3 0.38331597222222225 0.15670717592592592 0.2960763888888889 0.12862268518518513
3 0.5535243055555557 0.01519965277777778 0.13048611111111122 0.03039930555555556
3 0.5586805555555555 0.09094907407407407 0.1798958333333333 0.09420138888888889
3 0.5530381944444445 0.20448495370370373 0.1582638888888889 0.1033564814814815
3 0.5761284722222222 0.3234780092592593 0.14048611111111117 0.07539351851851847
3 0.6293576388888888 0.3846469907407407 0.26454861111111116 0.18376157407407404