3 0.4355381944444444 0.1473090277777778 0.16386574074074076 0.09820601851851851
3 0.44366898148148143 0.22178819444444448 0.16368055555555544 0.08570601851851851
3 0.45055555555555554 0.264988425925926 0.15589120370370377 0.08697916666666661
3 0.4608564814814815 0.32783564814814814 0.1638425925925926 0.09664351851851852
3 0.4838773148148148 0.4059895833333334 0.1984953703703704 0.11666666666666678
3 0.5282233796296296 0.5005497685185185 0.15534722222222222 0.1556712962962962
3 0.38515046296296296 0.5936342592592593 0.21076388888888892 0.10150462962962958
3 0.30298611111111107 0.6343171296296296 0.23307870370370373 0.1320023148148149
3 0.26618055555555553 0.7852141203703704 0.2816087962962962 0.1400462962962962
3 0.15555555555555556 0.38055555555555554 0.3026388888888889 0.18923611111111108
3 0.11977430555555554 0.2316550925925926 0.23510416666666667 0.1633101851851852
3 0.17042824074074076 0.11953125 0.339837962962963 0.1703125
3 0.22491319444444446 0.2660011574074074 0.2852199074074074 0.17297453703703702
3 0.08247685185185186 0.2966435185185185 0.15907407407407406 0.19641203703703702
3 0.7493981481481482 0.9182291666666668 0.43395833333333333 0.16354166666666642