3 0.531880787037037 0.7139467592592592 0.1616203703703704 0.08512731481481488
3 0.5345254629629629 0.677951388888889 0.16638888888888878 0.08703703703703702
3 0.5391377314814815 0.6340277777777777 0.1648263888888888 0.08692129629629637
3 0.48673032407407407 0.6091145833333333 0.20593749999999994 0.09930555555555554
3 0.47869791666666667 0.5388888888888889 0.21884259259259267 0.10804398148148149
3 0.4883738425925926 0.5023726851851851 0.1864583333333334 0.08385416666666679
3 0.46284143518518517 0.4544560185185185 0.21744212962962967 0.11105324074074083
3 0.44721064814814815 0.3956886574074074 0.2273032407407408 0.12112268518518521
3 0.54859375 0.31657986111111114 0.14572916666666663 0.1088541666666667
3 0.5493576388888889 0.24181134259259257 0.10809027777777783 0.07337962962962959
3 0.541880787037037 0.14586226851851852 0.16884259259259266 0.10434027777777777
3 0.5235416666666667 0.09429976851851851 0.1500115740740741 0.10138888888888889
3 0.6255902777777778 0.49765625 0.15211805555555563 0.14201388888888894