3 0.2140625 0.55625 0.034375 0.18125
3 0.18203125 0.69375 0.06875 0.14921875
3 0.34765625 0.8671875 0.2328125 0.265625
3 0.5390625 0.62265625 0.11484375 0.16015625
3 0.47734375 0.5140625 0.065625 0.1390625
3 0.378125 0.51484375 0.0546875 0.08828125
3 0.3078125 0.52109375 0.03984375 0.11875
3 0.32265625 0.65859375 0.0546875 0.1296875
3 0.57109375 0.790625 0.06328125 0.171875
3 0.59453125 0.565625 0.0421875 0.08046875
3 0.696875 0.63125 0.04296875 0.1125
3 0.7421875 0.61796875 0.03203125 0.1296875
3 0.83046875 0.77578125 0.04921875 0.14453125
3 0.884375 0.95703125 0.04453125 0.0859375
3 0.3046875 0.3984375 0.0875 0.17421875
3 0.21484375 0.36171875 0.10859375 0.2578125
3 0.12265625 0.3640625 0.09921875 0.23046875
3 0.03828125 0.33125 0.071875 0.27109375