3 0.4034375 0.7963541666666666 0.31916666666666665 0.16291666666666665
3 0.26625 0.9455844907407407 0.33270833333333333 0.10883101851851862
3 0.31645833333333334 0.7178819444444444 0.37583333333333335 0.17208333333333314
3 0.3847395833333333 0.5742766203703704 0.39677083333333335 0.1825115740740742
3 0.35291666666666666 0.40056712962962965 0.5540625 0.27630787037037036
3 0.4884375 0.35465277777777776 0.3688541666666666 0.18417824074074077
3 0.6706770833333333 0.6825289351851852 0.21750000000000008 0.109375
3 0.6910416666666667 0.46247685185185183 0.27312499999999995 0.17298611111111112
3 0.7466666666666667 0.26916666666666667 0.2626041666666666 0.13195601851851854
3 0.821875 0.20611111111111108 0.19208333333333344 0.10182870370370374
3 0.6639583333333332 0.8620254629629629 0.30979166666666663 0.23249999999999993
3 0.7369270833333333 0.7770543981481481 0.4033333333333335 0.21087962962962975
3 0.31078125 0.1539178240740741 0.48031250000000003 0.24445601851851856
3 0.25416666666666665 0.6243402777777778 0.44208333333333333 0.25493055555555555
3 0.2097395833333333 0.8688368055555555 0.3182291666666667 0.21892361111111108