3 0.25546875 0.50234375 0.0390625 0.1453125
3 0.28984375 0.49453125 0.0390625 0.15078125
3 0.32890625 0.48203125 0.0390625 0.14921875
3 0.36796875 0.5265625 0.03828125 0.1875
3 0.43671875 0.521875 0.04453125 0.2
3 0.46953125 0.50703125 0.028125 0.1734375
3 0.521875 0.5234375 0.046875 0.196875
3 0.58203125 0.52734375 0.0546875 0.2046875
3 0.628125 0.42109375 0.06875 0.12265625
3 0.69921875 0.40703125 0.04296875 0.09296875
3 0.7921875 0.3984375 0.05546875 0.1484375
3 0.8453125 0.40703125 0.05859375 0.128125
3 0.434375 0.38046875 0.1015625 0.1203125