3 0.20546875 0.425 0.05234375 0.13359375
3 0.2703125 0.43359375 0.0390625 0.1359375
3 0.30859375 0.43671875 0.04375 0.1296875
3 0.3640625 0.440625 0.05078125 0.13515625
3 0.43359375 0.4375 0.0609375 0.1625
3 0.52265625 0.41875 0.11015625 0.1125
3 0.57734375 0.5625 0.04296875 0.17734375
3 0.59921875 0.64140625 0.0671875 0.19296875
3 0.72109375 0.7046875 0.0609375 0.23671875
3 0.3546875 0.76484375 0.09375 0.34765625
3 0.21875 0.76796875 0.0796875 0.3
3 0.13125 0.67734375 0.059375 0.3546875
3 0.27265625 0.63125 0.0921875 0.2328125
3 0.0578125 0.834375 0.10703125 0.30859375
3 0.26796875 0.8515625 0.1328125 0.29609375
3 0.9453125 0.32109375 0.10859375 0.36875