3 0.5472511574074075 0.7201099537037037 0.20578703703703702 0.09293981481481488
3 0.6994212962962962 0.7111689814814814 0.18298611111111107 0.12077546296296297
3 0.8267650462962963 0.4919560185185185 0.2862847222222221 0.31956018518518514
3 0.5705729166666667 0.36331018518518515 0.20532407407407405 0.1706018518518518
3 0.46319444444444446 0.459837962962963 0.16834490740740743 0.11192129629629619
3 0.4797164351851852 0.5619502314814815 0.11359953703703703 0.08611111111111107
3 0.4961516203703704 0.6337673611111111 0.13946759259259273 0.0787037037037038
3 0.641869212962963 0.5755787037037037 0.1564814814814815 0.09861111111111107
3 0.7469907407407408 0.27876157407407404 0.2047453703703704 0.12083333333333339
3 0.502170138888889 0.32175925925925924 0.10005787037037024 0.0711226851851852
3 0.5580729166666666 0.19641203703703702 0.13501157407407405 0.08148148148148149
3 0.536429398148148 0.15295138888888887 0.14994212962962977 0.07326388888888888
3 0.6927951388888889 0.03110532407407407 0.1703125 0.06221064814814814
3 0.3642071759259259 0.6738425925925926 0.21284722222222224 0.1462962962962962
3 0.33859953703703705 0.7782986111111111 0.3096064814814815 0.19386574074074084
3 0.3548611111111111 0.8734375 0.2773148148148148 0.17748842592592595
3 0.3323784722222222 0.9357060185185185 0.30665509259259255 0.09108796296296298