3 0.7326620370370371 0.5421990740740741 0.054305555555555426 0.15976851851851848
3 0.6958969907407407 0.5487210648148148 0.05435185185185176 0.16601851851851848
3 0.6528530092592593 0.5591956018518518 0.05278935185185176 0.16600694444444458
3 0.6141608796296296 0.5094849537037037 0.056203703703703665 0.20509259259259255
3 0.5399479166666666 0.5092534722222222 0.06568287037037042 0.21922453703703706
3 0.503912037037037 0.522800925925926 0.04515046296296301 0.18938657407407397
3 0.44781250000000006 0.5029050925925926 0.06565972222222208 0.21609953703703705
3 0.38460069444444445 0.49399884259259264 0.07666666666666674 0.22555555555555545
3 0.3259722222222222 0.6045833333333334 0.08539351851851844 0.13812499999999997
3 0.24777199074074074 0.6153182870370371 0.053888888888888875 0.10351851851851848
3 0.14775462962962962 0.6184027777777777 0.07151620370370368 0.1630208333333334
3 0.09082175925925925 0.6055439814814815 0.07292824074074074 0.14271990740740748
3 0.5310011574074075 0.6624363425925927 0.11976851851851862 0.13837962962962963