3 0.6632291666666668 0.7590625 0.30822916666666667 0.10670138888888889
3 0.7694270833333332 0.955434027777778 0.3351041666666667 0.06517361111111128
3 0.759375 0.710763888888889 0.3676041666666666 0.1080208333333335
3 0.71796875 0.5473784722222221 0.3866666666666667 0.11312500000000014
3 0.7536458333333333 0.38895833333333335 0.4927083333333332 0.18173611111111115
3 0.6536979166666667 0.29921875 0.3576041666666665 0.12184027777777776
3 0.4247395833333333 0.56171875 0.2107291666666667 0.07177083333333326
3 0.4413020833333333 0.3407118055555555 0.2582291666666666 0.12899305555555554
3 0.41963541666666665 0.13307291666666668 0.2539583333333333 0.08833333333333333
3 0.35677083333333337 0.04684027777777778 0.18406250000000002 0.06961805555555554
3 0.40145833333333336 0.740625 0.28687500000000005 0.184236111111111
3 0.3465625 0.6330902777777778 0.38708333333333333 0.14277777777777773
3 0.8119791666666666 0.15859375 0.3760416666666668 0.15850694444444446
3 0.8107291666666667 0.6426388888888889 0.37854166666666667 0.17006944444444444
3 0.8408333333333333 0.9072222222222223 0.31833333333333336 0.15777777777777757