3 0.5859375 0.7316840277777779 0.171875 0.24768518518518512
3 0.47109375 0.7173958333333333 0.075 0.21850694444444443
3 0.39296875 0.731400462962963 0.065625 0.27107638888888896
3 0.29609375 0.7683912037037037 0.09375 0.26024305555555555
3 0.1875 0.7787326388888889 0.1125 0.41760416666666667
3 0.03984375 0.7304513888888888 0.0765625 0.2389120370370371
3 0.53046875 0.41465856481481483 0.0578125 0.3174884259259258
3 0.803125 0.19595775462962964 0.146875 0.3919155092592593
3 0.42734375 0.2980439814814815 0.6171875 0.596087962962963
0 0.86171875 0.5301851851851852 0.0828125 0.1017824074074074
2 0.87734375 0.5284780092592593 0.0234375 0.05763888888888893