3 0.25625 0.621875 0.07109375 0.26484375
3 0.059375 0.71953125 0.08046875 0.29375
3 0.30390625 0.7078125 0.06640625 0.3171875
3 0.44765625 0.6703125 0.0703125 0.334375
3 0.59296875 0.721875 0.11953125 0.46171875
3 0.66640625 0.6125 0.08046875 0.30703125
3 0.421875 0.409375 0.0484375 0.18125
3 0.62109375 0.4234375 0.09609375 0.2171875
3 0.80546875 0.403125 0.05859375 0.21796875
3 0.88046875 0.346875 0.04765625 0.15703125
3 0.26171875 0.3890625 0.14296875 0.23515625
3 0.35546875 0.3390625 0.09765625 0.33203125
3 0.80078125 0.79453125 0.10859375 0.40078125
3 0.3671875 0.79453125 0.11875 0.403125
3 0.12265625 0.81953125 0.13125 0.34296875