3 0.6303124999999999 0.8540509259259259 0.15607638888888892 0.07166666666666685
3 0.6249305555555555 0.7794155092592593 0.15732638888888886 0.05769675925925917
3 0.6227604166666667 0.7362615740740741 0.1496180555555556 0.06192129629629637
3 0.6202604166666668 0.6727488425925926 0.1560416666666665 0.07010416666666668
3 0.6275000000000001 0.5933854166666667 0.18909722222222208 0.08298611111111107
3 0.6523784722222222 0.49472800925925925 0.13249999999999992 0.13424768518518526
3 0.4905729166666667 0.41864583333333333 0.20586805555555543 0.06525462962962969
3 0.4013020833333333 0.3875405092592593 0.22364583333333332 0.09283564814814813
3 0.33489583333333334 0.24279513888888887 0.2735069444444444 0.08954861111111115
3 0.24907986111111113 0.6546643518518518 0.4009722222222222 0.13767361111111107
3 0.24015625000000002 0.8098090277777779 0.3474652777777778 0.11733796296296291
3 0.33946180555555555 0.9173900462962964 0.40795138888888893 0.10063657407407404
3 0.3992881944444444 0.7597858796296296 0.2696527777777778 0.12677083333333333
3 0.16838541666666668 0.9559288194444445 0.33677083333333335 0.088142361111111
3 0.15909722222222222 0.7465798611111112 0.31819444444444445 0.17753472222222227
3 0.7815798611111111 0.06665509259259259 0.4227430555555557 0.0640625