3 0.7939814814814815 0.4758333333333333 0.10069444444444428 0.2679166666666667
3 0.7816550925925926 0.414375 0.1208912037037038 0.2677083333333334
3 0.7202546296296296 0.23614583333333333 0.16111111111111107 0.3279166666666667
3 0.4344618055555555 0.2925 0.540798611111111 0.563125
3 0.1892939814814815 0.22562500000000002 0.15318287037037032 0.36781250000000004
3 0.7613136574074074 0.675 0.09131944444444429 0.14135416666666673
3 0.7040798611111111 0.65796875 0.07910879629629619 0.1234375
3 0.6551215277777778 0.6477083333333333 0.0833333333333334 0.15947916666666656
3 0.5485532407407407 0.6258333333333332 0.16521990740740744 0.15249999999999986
3 0.6891782407407407 0.48828125 0.15792824074074066 0.26395833333333324
3 0.896267361111111 0.5347916666666667 0.20746527777777785 0.36687499999999995
3 0.2970775462962963 0.38984375 0.13130787037037042 0.24041666666666667